"","V1","V2","V3","V4","V5","V6","V7","V8","V9","V10","V11","V12","V13","V14","V15","V16","V17","V18","V19","V20","V21","V22","V23","V24","V25","V26","V27","V28","V29","V30","V31","V32","V33","V34","V35","V36","V37","V38","V39","V40","V41","V42","V43","V44","V45","V46","V47","V48","V49","V50","V51","V52","V53","V54","V55","V56","V57","V58","V59","V60","V61","V62","V63","V64","V65","V66","V67","V68","V69","V70","V71","V72","V73","V74","V75","V76","V77","V78","V79","V80","V81","V82","V83","V84","V85","V86","V87","V88","V89","V90","V91","V92","V93","V94","V95","V96","V97","V98","V99","V100","V101","V102","V103","V104","V105","V106","V107","V108","V109","V110","V111","V112","V113"
"1",1,0.0162337662337662,0.0382165605095541,0.0629139072847682,0.571865443425077,0.161904761904762,0.0461538461538462,0.0660377358490566,0.574468085106383,0.286153846153846,0.990228013029316,0.370716510903427,0.606666666666667,0.569182389937107,0.096875,0.0578778135048231,0.0780780780780781,0.0388349514563107,0.56782334384858,0.0395136778115502,0.553745928338762,0.482649842271293,0.0932475884244373,0.324921135646688,0.513931888544892,0.0371517027863777,0.0128617363344051,0.0309597523219814,0.0438871473354232,0.401960784313726,0.521172638436482,0.380327868852459,0.021671826625387,0.126506024096386,0.0182370820668693,0.517460317460318,0.393846153846154,0.0574324324324324,0.562874251497006,0.586750788643533,0.512048192771084,0.296052631578947,0.487179487179487,0.033434650455927,0.095679012345679,0.43312101910828,0.358490566037736,0.313915857605178,0.408536585365854,0.8125,0.397515527950311,0.5,0.105590062111801,0.568807339449541,0.0553846153846154,0.862745098039216,0.56832298136646,0.0961538461538462,0.30188679245283,0.299382716049383,0.0441640378548896,0.536507936507936,0.0462046204620462,0.555555555555556,0.476190476190476,0.525641025641026,0.578635014836795,0.574132492113565,0.0559006211180124,0.571865443425077,0.584848484848485,0.578778135048232,0.429032258064516,0.275862068965517,0.34185303514377,0.202453987730061,0.0419354838709677,0.101307189542484,0.492163009404389,0.557632398753894,0.528662420382166,0.264150943396226,0.753943217665615,0.376146788990826,0.918088737201365,0.913461538461538,0.53125,0.567901234567901,0.562893081761006,0.0532915360501567,0.310975609756098,0.64951768488746,0.512820512820513,0.638888888888889,0.492063492063492,0.487421383647799,0.440894568690096,0.090032154340836,0.307692307692308,0.154340836012862,0.243589743589744,0.507552870090634,0.0540540540540541,0.432432432432432,0.557692307692308,0.104615384615385,0.566455696202532,0.0151975683890578,0.644230769230769,0.028125,0.49390243902439,0.0547112462006079,0.0186915887850467
"2",0.0162337662337662,1,0.805825242718447,0.618243243243243,0,0.687296416938111,0.835483870967742,0.686666666666667,0.0373831775700935,0.200636942675159,0.00334448160535117,0.230263157894737,0.00342465753424658,0,0.791666666666667,0.672131147540984,0.632075471698113,0.928813559322034,0,0.759259259259259,0,0.0814332247557003,0.795302013422819,0.337704918032787,0.0220820189274448,0.685897435897436,1,0.967741935483871,0.771428571428571,0.236842105263158,0.0102389078498294,0.129568106312292,0.990228013029316,0.483870967741935,0.968454258675079,0.0194174757281553,0.105431309904153,0.65979381443299,0,0,0.0031055900621118,0.334448160535117,0.204013377926421,0.813291139240506,0.814696485623003,0.110738255033557,0.194174757281553,0.282392026578073,0.0851735015772871,0.0033112582781457,0.168789808917197,0.0526315789473684,0.792207792207792,0,0.652733118971061,0.00986842105263158,0,0.508305647840532,0.245847176079734,0.335463258785943,0.786407766990291,0,0.823333333333333,0.00323624595469256,0.0134680134680135,0,0,0,0.660130718954248,0,0,0,0.19672131147541,0.57516339869281,0.27,0.437888198757764,0.686666666666667,0.798013245033113,0.00655737704918033,0,0.170491803278689,0.316129032258064,0.0128617363344051,0.273015873015873,0.0034965034965035,0.00645161290322581,0.00314465408805031,0,0.0130718954248366,0.636963696369637,0.225,0,0.0068259385665529,0.150159744408946,0.0342465753424658,0.0222929936305732,0.146964856230032,0.608108108108108,0.204472843450479,0.703947368421053,0.597359735973597,0.188854489164087,0.660377358490566,0.0723270440251572,0,0.61128526645768,0,1,0,0.859424920127795,0.166666666666667,0.85625,0.986928104575163
"3",0.0382165605095541,0.805825242718447,1,0.794788273615635,0,0.535947712418301,0.833333333333333,0.795527156549521,0.0685358255451713,0.365853658536585,0.0130718954248366,0.320754716981132,0.00324675324675325,0,0.782208588957055,0.791666666666667,0.743975903614458,0.834394904458599,0,0.866261398176292,0,0.0825396825396825,0.746835443037975,0.45625,0.0338461538461538,0.808917197452229,0.820846905537459,0.782208588957055,0.901898734177215,0.272435897435897,0.033003300330033,0.25752508361204,0.811912225705329,0.575471698113208,0.818461538461538,0.0378548895899054,0.228125,0.891891891891892,0,0,0.0396341463414634,0.506535947712418,0.336569579288026,1,0.663551401869159,0.208469055374593,0.335443037974684,0.399361022364217,0.196374622356495,0.0129032258064516,0.258675078864353,0.0605095541401274,0.769470404984424,0,0.798107255520505,0.0162866449511401,0,0.64951768488746,0.378289473684211,0.43558282208589,1,0,0.980392156862745,0.00314465408805031,0.0304054054054054,0,0,0,0.8,0,0,0,0.360128617363344,0.45141065830721,0.427215189873418,0.607142857142857,0.818770226537217,0.758842443729904,0.0126582278481013,0.00320512820512821,0.233766233766234,0.460567823343849,0.012779552715655,0.446483180428135,0.0205479452054795,0.0222222222222222,0.00613496932515337,0,0.0445859872611465,0.847133757961783,0.360501567398119,0,0.0195439739413681,0.287974683544304,0.101910828025478,0.116352201257862,0.148264984227129,0.73968253968254,0.347560975609756,0.52258064516129,0.433544303797468,0.354545454545455,0.774691358024691,0.18348623853211,0,0.727554179566563,0,0.819314641744548,0,0.96875,0.328267477203647,0.81055900621118,0.830128205128205
"4",0.0629139072847682,0.618243243243243,0.794788273615635,1,0.00323624595469256,0.521311475409836,0.729299363057325,0.980066445182724,0.106109324758842,0.546925566343042,0.0299003322259136,0.470779220779221,0.0207612456747405,0.0033112582781457,0.598726114649682,1,0.974763406940063,0.619047619047619,0.00314465408805031,0.861198738170347,0.00684931506849315,0.179153094462541,0.624161073825503,0.40655737704918,0.124203821656051,0.941558441558442,0.625,0.605769230769231,0.854838709677419,0.319444444444444,0.121212121212121,0.426621160409556,0.59468438538206,0.727868852459016,0.670807453416149,0.129032258064516,0.374592833876221,0.857638888888889,0.0031055900621118,0.00323624595469256,0.15112540192926,0.484641638225256,0.371621621621622,0.771428571428571,0.534426229508197,0.306666666666667,0.429967426710098,0.356902356902357,0.35423197492163,0.0201342281879195,0.408496732026144,0.166101694915254,0.572368421052632,0.00326797385620915,1,0.0335570469798658,0.00321543408360129,0.764119601328904,0.33993399339934,0.372611464968153,0.753333333333333,0.00333333333333333,0.758389261744966,0.0262295081967213,0.129370629370629,0,0,0.00333333333333333,0.98993288590604,0.0032258064516129,0.00311526479750779,0.0168350168350168,0.4,0.368421052631579,0.456026058631922,0.515723270440252,0.963696369636964,0.605263157894737,0.0989761092150171,0.00655737704918033,0.218855218855219,0.411003236245955,0.0134228187919463,0.416666666666667,0.0288808664259928,0.0358306188925081,0.00645161290322581,0.00317460317460317,0.0993377483443709,0.935275080906149,0.338709677419355,0.0257234726688103,0.111475409836066,0.287128712871287,0.222222222222222,0.223684210526316,0.292993630573248,0.913333333333333,0.35423197492163,0.433774834437086,0.393333333333333,0.359621451104101,0.958990536277603,0.32475884244373,0.00336700336700337,0.903726708074534,0.00993377483443709,0.629392971246006,0.0032258064516129,0.780730897009967,0.371794871794872,0.629392971246006,0.60983606557377
"5",0.571865443425077,0,0,0.00323624595469256,1,0.15,0.00309597523219814,0,0.73469387755102,0.119402985074627,0.674050632911392,0.35258358662614,0.849840255591054,0.912121212121212,0,0,0.00895522388059702,0.0220125786163522,0.924242424242424,0.0119047619047619,0.889240506329114,0.674846625766871,0.0031055900621118,0.078125,0.700906344410876,0.00303030303030303,0,0.00911854103343465,0,0.302469135802469,0.644230769230769,0.220447284345048,0.0031055900621118,0.148484848484848,0,0.738461538461539,0.268072289156627,0.00319488817891374,0.922190201729107,0.9209726443769,0.630177514792899,0.0222929936305732,0.0864197530864197,0.00301204819277108,0.0336391437308868,0.335483870967742,0.10377358490566,0.0536277602523659,0.322388059701493,0.812698412698413,0.4,0.696319018404908,0.00305810397553517,0.9209726443769,0,0.705882352941177,0.930722891566265,0.0573248407643312,0.0953846153846154,0.0736196319018405,0.00309597523219814,0.984177215189873,0,0.874233128834356,0.727272727272727,0.980830670926518,0.92463768115942,0.922600619195046,0,0.930722891566265,0.897360703812317,0.888535031847134,0.0738461538461539,0.230529595015576,0.0372670807453416,0.0445103857566766,0,0,0.780120481927711,0.996923076923077,0.325949367088608,0.0838323353293413,0.767080745341615,0.0449101796407186,0.7,0.666666666666667,0.955357142857143,0.927492447129909,0.704968944099379,0,0.109090909090909,0.841121495327103,0.7375,0.18348623853211,0.567741935483871,0.51963746223565,0.593846153846154,0.021875,0.126506024096386,0.127725856697819,0.208860759493671,0.0911854103343465,0,0.381381381381381,0.971337579617834,0.056379821958457,0.910216718266254,0,0.885093167701863,0,0.0988023952095808,0,0
"6",0.161904761904762,0.687296416938111,0.535947712418301,0.521311475409836,0.15,1,0.623003194888179,0.533762057877814,0.271084337349398,0.215384615384615,0.198675496688742,0.275316455696203,0.194078947368421,0.148867313915858,0.55205047318612,0.535483870967742,0.529230769230769,0.65,0.129449838187702,0.567901234567901,0.127868852459016,0.309148264984227,0.568106312292359,0.228758169934641,0.186915887850467,0.535031847133758,0.686708860759494,0.7375,0.533546325878594,0.324590163934426,0.154109589041096,0.173770491803279,0.669871794871795,0.458333333333333,0.654205607476635,0.180685358255452,0.139318885448916,0.459459459459459,0.127272727272727,0.140575079872204,0.142857142857143,0.243421052631579,0.174757281553398,0.545171339563863,0.747663551401869,0.234323432343234,0.177215189873418,0.223300970873786,0.143730886850153,0.215686274509804,0.231746031746032,0.241935483870968,0.584664536741214,0.125786163522013,0.532915360501567,0.223684210526316,0.141538461538462,0.41747572815534,0.156862745098039,0.250793650793651,0.532258064516129,0.143790849673203,0.562091503267974,0.132492113564669,0.157534246575342,0.144781144781145,0.135135135135135,0.141955835962145,0.549019607843137,0.161490683229814,0.155487804878049,0.124161073825503,0.194805194805195,0.884244372990354,0.205787781350482,0.26219512195122,0.549520766773163,0.55700325732899,0.153846153846154,0.133333333333333,0.248366013071895,0.197492163009404,0.266881028938907,0.230769230769231,0.173913043478261,0.183006535947712,0.150470219435737,0.168253968253968,0.186495176848875,0.49211356466877,0.146031746031746,0.144694533762058,0.146103896103896,0.196141479099678,0.161812297734628,0.157728706624606,0.305993690851735,0.530744336569579,0.178683385579937,0.792332268370607,1,0.172955974842767,0.546296296296296,0.14873417721519,0.1438127090301,0.527777777777778,0.131410256410256,0.669724770642202,0.161812297734628,0.564935064935065,0.192073170731707,0.621019108280255,0.66984126984127
"7",0.0461538461538462,0.835483870967742,0.833333333333333,0.729299363057325,0.00309597523219814,0.623003194888179,1,0.731629392971246,0.0574018126888218,0.359281437125749,0.0355987055016181,0.306748466257669,0.00323624595469256,0,0.886503067484663,0.73482428115016,0.692771084337349,0.789137380191693,0,0.753048780487805,0,0.118380062305296,0.955414012738854,0.405660377358491,0.0487804878048781,0.743119266055046,0.850793650793651,0.805471124620061,0.772307692307692,0.355048859934853,0.0326797385620915,0.259016393442623,0.810725552050473,0.493788819875776,0.865671641791045,0.0506329113924051,0.204334365325077,0.712871287128713,0,0,0.0301204819277108,0.433544303797468,0.321766561514196,0.833836858006042,0.820433436532508,0.220064724919094,0.315789473684211,0.305732484076433,0.177710843373494,0.0292207792207792,0.236760124610592,0.0920634920634921,0.86833855799373,0,0.739263803680982,0.0443037974683544,0,0.575471698113208,0.245954692556634,0.36890243902439,0.799363057324841,0.00317460317460317,0.817307692307692,0.00619195046439629,0.0468227424749164,0,0,0,0.75,0,0.0029940119760479,0.00327868852459016,0.334384858044164,0.516819571865443,0.361904761904762,0.43452380952381,0.741935483870968,0.884615384615385,0.0282131661442006,0,0.170347003154574,0.297213622291022,0.0349206349206349,0.404761904761905,0.0305084745762712,0.0418006430868167,0.00306748466257669,0,0.0341614906832298,0.721875,0.247706422018349,0.00316455696202532,0.0189873417721519,0.241269841269841,0.0984126984126984,0.11214953271028,0.203703703703704,0.694533762057878,0.245398773006135,0.686900958466454,0.533762057877814,0.313609467455621,0.697604790419162,0.163141993957704,0,0.672566371681416,0,0.839393939393939,0,0.822085889570552,0.301204819277108,0.891975308641975,0.855345911949686
"8",0.0660377358490566,0.686666666666667,0.795527156549521,0.980066445182724,0,0.533762057877814,0.731629392971246,1,0.0783699059561129,0.471875,0.0236486486486486,0.426282051282051,0.0132450331125828,0,0.602523659305994,0.993333333333333,0.978056426332288,0.68976897689769,0,0.871473354231975,0.00657894736842105,0.144694533762058,0.615131578947368,0.372549019607843,0.0949367088607595,0.971786833855799,0.669934640522876,0.672025723472669,0.897832817337461,0.278688524590164,0.088135593220339,0.372093023255814,0.669934640522876,0.768488745980707,0.739263803680982,0.0809061488673139,0.329073482428115,0.855704697986577,0,0,0.105919003115265,0.438356164383562,0.327814569536424,0.790625,0.566343042071197,0.236486486486486,0.369774919614148,0.368421052631579,0.307210031347962,0.0131147540983607,0.365930599369085,0.127450980392157,0.571895424836601,0,0.98705501618123,0.0299003322259136,0,0.786440677966102,0.338762214983713,0.374603174603175,0.765273311897106,0,0.79,0.0221518987341772,0.0985915492957746,0,0,0,0.986842105263158,0,0,0.00671140939597315,0.368421052631579,0.411764705882353,0.401929260450161,0.520123839009288,0.993377483443709,0.60797342192691,0.0746753246753247,0.0032258064516129,0.201986754966887,0.42258064516129,0.00974025974025974,0.41358024691358,0.0210526315789474,0.0294117647058824,0.00628930817610063,0,0.0746753246753247,0.913183279742765,0.329113924050633,0.0230263157894737,0.0798722044728434,0.281553398058252,0.165016501650165,0.172523961661342,0.254838709677419,0.903010033444816,0.372670807453416,0.471760797342193,0.425324675324675,0.339622641509434,0.993710691823899,0.264984227129338,0.00326797385620915,0.894409937888199,0.00641025641025641,0.689024390243902,0,0.808306709265176,0.348623853211009,0.64797507788162,0.66996699669967
"9",0.574468085106383,0.0373831775700935,0.0685358255451713,0.106109324758842,0.73469387755102,0.271084337349398,0.0574018126888218,0.0783699059561129,1,0.219584569732938,0.686520376175549,0.352238805970149,1,0.797583081570997,0.062874251497006,0.0743034055727554,0.100591715976331,0.0529595015576324,0.776758409785933,0.0701754385964912,0.777089783281734,0.757575757575758,0.0679012345679012,0.153846153846154,0.649700598802395,0.0785498489425982,0.0428134556574924,0.0486322188449848,0.0672782874617737,0.333333333333333,0.57741935483871,0.349206349206349,0.037037037037037,0.172205438066465,0.0471976401179941,0.698757763975155,0.30952380952381,0.0819672131147541,0.762177650429799,0.795180722891566,0.600583090379009,0.0984126984126984,0.220125786163522,0.0568862275449102,0.0865671641791045,0.353697749196141,0.167173252279635,0.0895061728395062,0.351190476190476,0.754658385093168,0.405487804878049,0.700305810397553,0.0727272727272727,0.766467065868264,0.0864197530864197,0.746081504702194,0.77810650887574,0.132492113564669,0.0990712074303406,0.0936555891238671,0.0685358255451713,0.703125,0.0668789808917197,0.726993865030675,0.665573770491803,0.733974358974359,0.755813953488372,0.808777429467085,0.0864197530864197,0.786350148367952,0.807121661721068,0.722929936305732,0.223241590214067,0.343373493975904,0.110091743119266,0.075801749271137,0.0626959247648903,0.0615384615384615,0.692307692307692,0.712074303405573,0.25077399380805,0.0949554896142433,0.807228915662651,0.153392330383481,0.672297297297297,0.673846153846154,0.685459940652819,0.8023598820059,0.671686746987952,0.0727272727272727,0.103343465045593,0.726415094339623,0.619195046439629,0.262996941896024,0.541139240506329,0.56797583081571,0.623493975903614,0.0869565217391304,0.11144578313253,0.237654320987654,0.340490797546012,0.207100591715976,0.0764705882352941,0.454545454545455,0.712933753943218,0.131578947368421,0.769230769230769,0.0406976744186047,0.817610062893082,0.0604229607250755,0.269794721407625,0.060790273556231,0.04
"10",0.286153846153846,0.200636942675159,0.365853658536585,0.546925566343042,0.119402985074627,0.215384615384615,0.359281437125749,0.471875,0.219584569732938,1,0.225396825396825,0.555555555555556,0.146031746031746,0.0965732087227414,0.351681957186544,0.485804416403785,0.491176470588235,0.239747634069401,0.106707317073171,0.381381381381381,0.121495327102804,0.27710843373494,0.355345911949686,0.557632398753894,0.339393939393939,0.459876543209877,0.216981132075472,0.183734939759036,0.419939577039275,0.557632398753894,0.37987012987013,0.993485342019544,0.194444444444444,0.459876543209877,0.233038348082596,0.302752293577982,0.697947214076246,0.483443708609272,0.115942028985507,0.114197530864198,0.408163265306122,0.670846394984326,0.635220125786163,0.363905325443787,0.265243902439024,0.641447368421053,0.794392523364486,0.610271903323263,0.720720720720721,0.175718849840256,0.557275541795666,0.314199395770393,0.310975609756098,0.102409638554217,0.515337423312883,0.196825396825397,0.110429447852761,0.5875,0.5814696485623,0.573619631901841,0.366771159874608,0.0996884735202492,0.332298136645963,0.141104294478528,0.32013201320132,0.0961538461538462,0.109792284866469,0.115625,0.501567398119122,0.0925373134328358,0.11377245508982,0.116719242902208,0.669781931464174,0.186335403726708,0.741433021806854,0.516417910447761,0.436305732484076,0.348909657320872,0.258461538461538,0.112121212121212,0.402555910543131,0.545454545454545,0.1671826625387,0.643504531722054,0.211409395973154,0.25,0.127659574468085,0.100917431192661,0.318885448916409,0.548780487804878,0.604229607250755,0.134375,0.322784810126582,0.547987616099071,0.511111111111111,0.631578947368421,0.344512195121951,0.524844720496894,0.602409638554217,0.22397476340694,0.208074534161491,0.628318584070796,0.468468468468468,0.8,0.104761904761905,0.506060606060606,0.118380062305296,0.201780415430267,0.111111111111111,0.321212121212121,0.697885196374622,0.281345565749235,0.225705329153605
"11",0.990228013029316,0.00334448160535117,0.0130718954248366,0.0299003322259136,0.674050632911392,0.198675496688742,0.0355987055016181,0.0236486486486486,0.686520376175549,0.225396825396825,1,0.337620578778135,0.722772277227723,0.684887459807074,0.0580645161290323,0.0165562913907285,0.0340557275541796,0.0426229508196721,0.686274509803922,0.0253968253968254,0.664451827242525,0.583606557377049,0.0644067796610169,0.269102990033223,0.583850931677019,0.0158227848101266,0.0065359477124183,0.0311526479750779,0.00983606557377049,0.373770491803279,0.548821548821549,0.300675675675676,0.00980392156862745,0.110410094637224,0.0093167701863354,0.602564102564103,0.317460317460317,0.0176056338028169,0.663608562691132,0.6957928802589,0.520123839009288,0.198630136986301,0.375,0.012779552715655,0.102649006622517,0.404682274247492,0.272151898734177,0.211221122112211,0.338509316770186,0.911184210526316,0.372611464968153,0.592833876221498,0.0693069306930693,0.66996699669967,0.0162337662337662,0.956375838926175,0.676375404530744,0.0662251655629139,0.207357859531773,0.198051948051948,0.0162337662337662,0.634228187919463,0.0168350168350168,0.659090909090909,0.560553633217993,0.626666666666667,0.679012345679012,0.694352159468439,0.0258064516129032,0.693037974683544,0.702194357366771,0.693103448275862,0.319354838709677,0.337704918032787,0.238709677419355,0.134969325153374,0.0131147540983607,0.0596026490066225,0.594155844155844,0.657894736842105,0.465116279069767,0.177993527508091,0.872549019607843,0.279874213836478,0.97841726618705,0.974193548387097,0.619496855345912,0.6957928802589,0.628664495114006,0.0162866449511401,0.21405750798722,0.710097719869707,0.565359477124183,0.53156146179402,0.485049833887043,0.480519480519481,0.516129032258065,0.0584415584415584,0.210191082802548,0.211920529801325,0.298657718120805,0.393650793650794,0.0257234726688103,0.392405063291139,0.662162162162162,0.0895061728395062,0.698360655737705,0.00314465408805031,0.77124183006536,0.00647249190938511,0.379746835443038,0.0344827586206897,0.00974025974025974
"12",0.370716510903427,0.230263157894737,0.320754716981132,0.470779220779221,0.35258358662614,0.275316455696203,0.306748466257669,0.426282051282051,0.352238805970149,0.555555555555556,0.337620578778135,1,0.349514563106796,0.36,0.235119047619048,0.469135802469136,0.484939759036145,0.233644859813084,0.327217125382263,0.389057750759878,0.375,0.439628482972136,0.261829652996845,0.357142857142857,0.476780185758514,0.401234567901235,0.220125786163522,0.197530864197531,0.34472049689441,0.53968253968254,0.62012987012987,0.57516339869281,0.209876543209877,0.484472049689441,0.234939759036145,0.471698113207547,0.709969788519637,0.422442244224422,0.343108504398827,0.366771159874608,0.664688427299703,0.374592833876221,0.376582278481013,0.297546012269939,0.246153846153846,0.60655737704918,0.49079754601227,0.317757009345794,0.780780780780781,0.347402597402597,1,0.48125,0.236760124610592,0.3375,0.486153846153846,0.365079365079365,0.349544072948328,0.407766990291262,0.384126984126984,0.301829268292683,0.325878594249201,0.321766561514196,0.288961038961039,0.427244582043344,0.554817275747508,0.309904153354633,0.351190476190476,0.360501567398119,0.460567823343849,0.319148936170213,0.337349397590361,0.381578947368421,0.368421052631579,0.227414330218069,0.401869158878505,0.368580060422961,0.41692789968652,0.249240121580547,0.451713395638629,0.304347826086957,0.363057324840764,0.386706948640483,0.325227963525836,0.324242424242424,0.347826086956522,0.363057324840764,0.335365853658537,0.337423312883436,0.457943925233645,0.453703703703704,0.35474006116208,0.396284829721362,0.627388535031847,0.364779874213836,0.854368932038835,0.46583850931677,0.523076923076923,0.512658227848101,0.366366366366366,0.246056782334385,0.246794871794872,0.370481927710843,0.443425076452599,0.533132530120482,0.306962025316456,0.530674846625767,0.340694006309148,0.206060606060606,0.339622641509434,0.280373831775701,0.404255319148936,0.23030303030303,0.216981132075472
"13",0.606666666666667,0.00342465753424658,0.00324675324675325,0.0207612456747405,0.849840255591054,0.194078947368421,0.00323624595469256,0.0132450331125828,1,0.146031746031746,0.722772277227723,0.349514563106796,1,0.928104575163399,0.00632911392405063,0.00993377483443709,0.0284810126582278,0.0169491525423729,0.910543130990415,0.0192926045016077,0.911475409836066,0.762987012987013,0.0102040816326531,0.108196721311475,0.720779220779221,0.0130718954248366,0.00328947368421053,0.0126182965299685,0.00327868852459016,0.328947368421053,0.634228187919463,0.278745644599303,0.0033112582781457,0.135922330097087,0.00623052959501558,0.76797385620915,0.28391167192429,0.0034965034965035,0.902439024390244,0.934426229508197,0.639751552795031,0.037037037037037,0.134426229508197,0.00314465408805031,0.0415335463258786,0.34,0.112540192926045,0.039344262295082,0.331189710610932,0.820598006644518,0.398058252427184,0.74,0.019672131147541,0.906148867313916,0.0161812297734628,0.776315789473684,0.909090909090909,0.0580204778156997,0.0538720538720539,0.0485436893203883,0.0032258064516129,0.832214765100671,0.00338983050847458,0.869281045751634,0.740350877192982,0.865319865319865,0.900621118012422,0.937293729372937,0.0135135135135135,0.929260450160772,0.940438871473354,0.888501742160279,0.10738255033557,0.262295081967213,0.0649350649350649,0.0282131661442006,0.0066006600660066,0.0165562913907285,0.786666666666667,0.839344262295082,0.234323432343234,0.0514469453376206,0.868421052631579,0.0698412698412698,0.72962962962963,0.711920529801324,0.815873015873016,0.929032258064516,0.724025974025974,0.00958466453674121,0.0666666666666667,0.857615894039735,0.705084745762712,0.207792207792208,0.556291390728477,0.57190635451505,0.642622950819672,0.0263157894736842,0.0732484076433121,0.165540540540541,0.268456375838926,0.125391849529781,0.0160771704180064,0.427652733118971,0.854237288135593,0.0761904761904762,0.9,0,0.947019867549669,0.00324675324675325,0.147335423197492,0.00955414012738853,0.00323624595469256
"14",0.569182389937107,0,0,0.0033112582781457,0.912121212121212,0.148867313915858,0,0,0.797583081570997,0.0965732087227414,0.684887459807074,0.36,0.928104575163399,1,0,0,0.00609756097560976,0.0162337662337662,0.996894409937888,0.00911854103343465,0.980769230769231,0.716981132075472,0,0.0603174603174603,0.762345679012346,0,0,0.00609756097560976,0,0.321766561514196,0.660130718954248,0.206451612903226,0,0.133540372670807,0,0.802547770700637,0.266871165644172,0,0.99406528189911,1,0.669642857142857,0.0229508196721311,0.0786163522012579,0,0.0333333333333333,0.368932038834951,0.116352201257862,0.0126582278481013,0.317757009345794,0.787781350482315,0.425,0.75,0.00315457413249211,0.993788819875776,0,0.73186119873817,0.993939393939394,0.0420711974110032,0.032258064516129,0.0153374233128834,0,0.913738019169329,0,0.929712460063898,0.780405405405405,0.958730158730159,0.997005988023952,0.996805111821086,0,0.996875,0.97583081570997,0.960264900662252,0.067524115755627,0.224358974358974,0.0379746835443038,0.00591715976331361,0,0,0.855305466237942,0.915360501567398,0.239747634069401,0.0275229357798165,0.813291139240506,0.0280373831775701,0.727586206896552,0.669811320754717,0.897832817337461,0.996987951807229,0.755417956656347,0,0.0338461538461538,0.903536977491961,0.759493670886076,0.174050632911392,0.582802547770701,0.529968454258675,0.644171779141104,0.0222222222222222,0.049079754601227,0.109677419354839,0.210191082802548,0.0886850152905199,0.00305810397553517,0.378787878787879,0.939297124600639,0.0574018126888218,0.984177215189873,0,0.964968152866242,0,0.0920245398773006,0,0
"15",0.096875,0.791666666666667,0.782208588957055,0.598726114649682,0,0.55205047318612,0.886503067484663,0.602523659305994,0.062874251497006,0.351681957186544,0.0580645161290323,0.235119047619048,0.00632911392405063,0,1,0.591194968553459,0.568862275449102,0.745341614906832,0,0.648809523809524,0,0.0802469135802469,0.974522292993631,0.524844720496894,0.0426829268292683,0.590361445783133,0.796238244514107,0.762917933130699,0.690690690690691,0.400621118012422,0.0390879478827362,0.26517571884984,0.778115501519757,0.393939393939394,0.788690476190476,0.031055900621118,0.182634730538922,0.638157894736842,0,0,0.0321637426900585,0.54858934169279,0.423676012461059,0.786786786786787,0.79320987654321,0.259493670886076,0.36144578313253,0.396341463414634,0.169642857142857,0.0412698412698413,0.175925925925926,0.0613496932515337,0.963414634146341,0,0.604294478527607,0.0605095541401274,0,0.474683544303797,0.317610062893082,0.442477876106195,0.772585669781931,0,0.7625,0.00304878048780488,0.0236486486486486,0,0,0,0.601851851851852,0,0.00297619047619048,0,0.427244582043344,0.496913580246914,0.437888198757764,0.463126843657817,0.587859424920128,0.959627329192547,0.0154798761609907,0,0.256965944272446,0.368580060422961,0.0403726708074534,0.503030303030303,0.05,0.0640243902439024,0,0,0.049079754601227,0.621212121212121,0.339393939393939,0.00628930817610063,0.0307692307692308,0.327102803738318,0.0757097791798107,0.113846153846154,0.140243902439024,0.583596214511041,0.301492537313433,0.657232704402516,0.503105590062112,0.407079646017699,0.559171597633136,0.161290322580645,0,0.558208955223881,0,0.783783783783784,0,0.773993808049536,0.393586005830904,0.973214285714286,0.827692307692308
"16",0.0578778135048231,0.672131147540984,0.791666666666667,1,0,0.535483870967742,0.73482428115016,0.993333333333333,0.0743034055727554,0.485804416403785,0.0165562913907285,0.469135802469136,0.00993377483443709,0,0.591194968553459,1,0.978328173374613,0.663333333333333,0,0.878504672897196,0.0065359477124183,0.14968152866242,0.613114754098361,0.388349514563107,0.110759493670886,0.95859872611465,0.669871794871795,0.647619047619048,0.876582278481013,0.311475409836066,0.11,0.377049180327869,0.640776699029126,0.725552050473186,0.717391304347826,0.0938511326860841,0.342767295597484,0.85958904109589,0,0,0.127329192546584,0.439597315436242,0.318181818181818,0.78125,0.560897435897436,0.291525423728814,0.391025641025641,0.346278317152104,0.327160493827161,0.0130293159609121,0.39873417721519,0.133116883116883,0.567656765676568,0,1,0.0230263157894737,0,0.773026315789474,0.348684210526316,0.37037037037037,0.752442996742671,0,0.764705882352941,0.022508038585209,0.107266435986159,0,0,0,1,0,0,0.0100671140939597,0.353697749196141,0.363636363636364,0.428571428571429,0.523076923076923,0.970588235294118,0.60655737704918,0.0796178343949045,0.00320512820512821,0.205211726384365,0.422712933753943,0.00958466453674121,0.390769230769231,0.0207612456747405,0.0224358974358974,0.00319488817891374,0,0.0771704180064309,0.932907348242812,0.335443037974684,0.016025641025641,0.0870967741935484,0.259493670886076,0.202702702702703,0.18125,0.261006289308176,0.921824104234528,0.357594936708861,0.441176470588235,0.40531561461794,0.320987654320988,0.974763406940063,0.274143302180685,0,0.90282131661442,0.00321543408360129,0.684375,0,0.778125,0.33641975308642,0.644444444444444,0.644951140065147
"17",0.0780780780780781,0.632075471698113,0.743975903614458,0.974763406940063,0.00895522388059702,0.529230769230769,0.692771084337349,0.978056426332288,0.100591715976331,0.491176470588235,0.0340557275541796,0.484939759036145,0.0284810126582278,0.00609756097560976,0.568862275449102,0.978328173374613,1,0.61993769470405,0.0119047619047619,0.855029585798817,0.0124610591900312,0.191489361702128,0.584905660377358,0.371601208459215,0.132530120481928,0.939577039274924,0.623853211009174,0.609467455621302,0.840490797546012,0.334384858044164,0.126984126984127,0.385852090032154,0.600609756097561,0.721212121212121,0.681547619047619,0.119266055045872,0.357357357357357,0.825657894736842,0.0114613180515759,0.0121580547112462,0.157894736842105,0.425396825396825,0.34493670886076,0.738235294117647,0.544072948328267,0.305732484076433,0.410334346504559,0.360248447204969,0.347953216374269,0.0253968253968254,0.423780487804878,0.183734939759036,0.541284403669725,0.00903614457831325,0.978658536585366,0.0410094637223975,0.0118694362017804,0.73015873015873,0.334365325077399,0.368580060422961,0.716012084592145,0.0125,0.720125786163522,0.0364741641337386,0.132890365448505,0.00949367088607595,0.0115942028985507,0.0122324159021407,1,0.0120845921450151,0.0115942028985507,0.0252365930599369,0.374233128834356,0.390769230769231,0.414925373134328,0.492711370262391,0.961783439490446,0.570121951219512,0.108024691358025,0.00920245398773006,0.210526315789474,0.397014925373134,0.0184615384615385,0.406432748538012,0.0361842105263158,0.0371517027863777,0.0177514792899408,0.00900900900900901,0.110769230769231,0.896656534954407,0.33030303030303,0.028125,0.12111801242236,0.291411042944785,0.237654320987654,0.192073170731707,0.313253012048193,0.908805031446541,0.355882352941176,0.453703703703704,0.40809968847352,0.347058823529412,0.988269794721408,0.289085545722714,0.0158730158730159,0.940298507462687,0.0153846153846154,0.642651296829971,0.00626959247648903,0.728658536585366,0.360119047619048,0.616766467065868,0.603125
"18",0.0388349514563107,0.928813559322034,0.834394904458599,0.619047619047619,0.0220125786163522,0.65,0.789137380191693,0.68976897689769,0.0529595015576324,0.239747634069401,0.0426229508196721,0.233644859813084,0.0169491525423729,0.0162337662337662,0.745341614906832,0.663333333333333,0.61993769470405,1,0.0254777070063694,0.783699059561129,0.0164473684210526,0.108626198083067,0.73202614379085,0.33112582781457,0.0473186119873817,0.681528662420382,0.944078947368421,0.916932907348243,0.766233766233766,0.298360655737705,0.0304054054054054,0.159863945578231,0.993548387096774,0.477564102564103,0.911854103343465,0.0641025641025641,0.137380191693291,0.666666666666667,0.0246153846153846,0.022508038585209,0.0243161094224924,0.343537414965986,0.26537216828479,0.843260188087774,0.773162939297125,0.183050847457627,0.240506329113924,0.303514376996805,0.125391849529781,0.0358306188925081,0.188311688311688,0.090032154340836,0.750809061488673,0.0161290322580645,0.641447368421053,0.0515463917525773,0.0159744408945687,0.526666666666667,0.254237288135593,0.347826086956522,0.816393442622951,0.0163934426229508,0.827922077922078,0.0196078431372549,0.0492957746478873,0.0231788079470199,0.0186335403726708,0.0267558528428094,0.650485436893204,0.0225806451612903,0.0186335403726708,0.0240549828178694,0.248387096774194,0.598705501618123,0.307936507936508,0.477341389728097,0.688524590163934,0.735785953177257,0.0355987055016181,0.0228758169934641,0.2,0.351097178683386,0.0422077922077922,0.334384858044164,0.0353356890459364,0.0456026058631922,0.0257234726688103,0.0186335403726708,0.0698412698412698,0.655948553054662,0.246006389776358,0.0195439739413681,0.0299003322259136,0.216828478964401,0.0693069306930693,0.0578778135048231,0.171974522292994,0.616666666666667,0.230283911671924,0.691029900332226,0.596091205211726,0.257142857142857,0.639498432601881,0.110759493670886,0.0170068027210884,0.618012422360248,0.0234113712374582,0.949843260188088,0.0228013029315961,0.862619808306709,0.225705329153605,0.82051282051282,0.915584415584416
"19",0.56782334384858,0,0,0.00314465408805031,0.924242424242424,0.129449838187702,0,0,0.776758409785933,0.106707317073171,0.686274509803922,0.327217125382263,0.910543130990415,0.996894409937888,0,0,0.0119047619047619,0.0254777070063694,1,0.0121580547112462,0.983766233766234,0.712074303405573,0,0.0646153846153846,0.75,0,0,0.00303951367781155,0,0.302250803858521,0.644518272425249,0.2,0.00315457413249211,0.141065830721003,0,0.794952681388013,0.262839879154079,0.00337837837837838,1,0.984472049689441,0.637426900584795,0.0192307692307692,0.082018927444795,0,0.0243161094224924,0.317152103559871,0.0925925925925926,0.0128617363344051,0.302114803625378,0.798076923076923,0.392638036809816,0.753846153846154,0.00315457413249211,1,0,0.724358974358974,1,0.0447284345047923,0.0375,0.0185758513931889,0,0.931464174454829,0,0.934579439252336,0.77,0.971428571428571,1,0.987421383647799,0,0.990853658536585,0.963636363636364,0.964856230031949,0.053968253968254,0.203125,0.03125,0.00595238095238095,0,0,0.836990595611285,0.929230769230769,0.238095238095238,0.0279503105590062,0.80188679245283,0.033434650455927,0.728813559322034,0.662538699690402,0.918429003021148,0.981481481481482,0.753086419753086,0.0031055900621118,0.04,0.907936507936508,0.743589743589744,0.15987460815047,0.561904761904762,0.52760736196319,0.651651651651652,0.0191082802547771,0.0534124629080119,0.111111111111111,0.186119873817035,0.0857988165680473,0,0.389728096676737,0.951612903225806,0.0595238095238095,0.984472049689441,0,0.94392523364486,0,0.0876132930513595,0,0
"20",0.0395136778115502,0.759259259259259,0.866261398176292,0.861198738170347,0.0119047619047619,0.567901234567901,0.753048780487805,0.871473354231975,0.0701754385964912,0.381381381381381,0.0253968253968254,0.389057750759878,0.0192926045016077,0.00911854103343465,0.648809523809524,0.878504672897196,0.855029585798817,0.783699059561129,0.0121580547112462,1,0.0186915887850467,0.127659574468085,0.64968152866242,0.345679012345679,0.0716417910447761,0.877611940298507,0.753086419753086,0.713855421686747,0.917431192660551,0.231012658227848,0.0705128205128205,0.288888888888889,0.751552795031056,0.671779141104294,0.767647058823529,0.08125,0.261904761904762,0.826366559485531,0.0142450142450142,0.00903614457831325,0.0813953488372093,0.396825396825397,0.292834890965732,0.870870870870871,0.601823708206687,0.20952380952381,0.312883435582822,0.341538461538462,0.242690058479532,0.0220125786163522,0.311728395061728,0.132716049382716,0.624615384615385,0.0119402985074627,0.879154078549849,0.03125,0.012012012012012,0.728434504792332,0.331269349845201,0.357357357357357,0.833333333333333,0.00625,0.84375,0.0274390243902439,0.0936454849498328,0.0157232704402516,0.0117647058823529,0.0121580547112462,0.875776397515528,0.0120845921450151,0.0118694362017804,0.0220820189274448,0.310975609756098,0.447129909365559,0.355828220858896,0.514619883040936,0.915094339622642,0.633540372670807,0.0638297872340425,0.0123839009287926,0.19620253164557,0.394658753709199,0.0217391304347826,0.373493975903614,0.0359477124183007,0.0313479623824451,0.017910447761194,0.0120845921450151,0.0664652567975831,0.85207100591716,0.303030303030303,0.0188087774294671,0.0672782874617737,0.238390092879257,0.130573248407643,0.130563798219585,0.222222222222222,0.842105263157895,0.322289156626506,0.50625,0.450920245398773,0.27810650887574,0.879518072289157,0.20414201183432,0.00636942675159236,0.873900293255132,0.0151515151515152,0.771513353115727,0.009375,0.861963190184049,0.292035398230089,0.698795180722892,0.743827160493827
"21",0.553745928338762,0,0,0.00684931506849315,0.889240506329114,0.127868852459016,0,0.00657894736842105,0.777089783281734,0.121495327102804,0.664451827242525,0.375,0.911475409836066,0.980769230769231,0,0.0065359477124183,0.0124610591900312,0.0164473684210526,0.983766233766234,0.0186915887850467,1,0.727272727272727,0,0.0704697986577181,0.784565916398714,0.00318471337579618,0,0.00307692307692308,0,0.31438127090301,0.67003367003367,0.22972972972973,0,0.15112540192926,0,0.841423948220065,0.30188679245283,0.00696864111498258,0.990881458966565,0.973856209150327,0.665644171779141,0.023489932885906,0.0750853242320819,0,0.0160771704180064,0.350340136054422,0.117834394904459,0.00958466453674121,0.335423197492163,0.772727272727273,0.427672955974843,0.769968051118211,0,0.990322580645161,0,0.72,0.987261146496815,0.0501672240802676,0.0335570469798658,0.012779552715655,0,0.909385113268608,0,0.925324675324675,0.816053511705686,0.947019867549669,0.993846153846154,0.973856209150327,0,0.965625,0.947852760736196,0.973154362416107,0.0616883116883117,0.194078947368421,0.0394736842105263,0.0031055900621118,0.00655737704918033,0,0.881028938906752,0.906148867313916,0.20265780730897,0.0257234726688103,0.809210526315789,0.0348101265822785,0.706484641638225,0.668810289389068,0.901898734177215,0.968253968253968,0.768729641693811,0.00647249190938511,0.035031847133758,0.914191419141914,0.762214983713355,0.147058823529412,0.590759075907591,0.593650793650794,0.661341853035144,0.0231788079470199,0.0408805031446541,0.105960264900662,0.186885245901639,0.0856269113149847,0.00928792569659443,0.420382165605096,0.935374149659864,0.0691823899371069,0.974025974025974,0,0.934426229508197,0,0.084375,0,0
